<Qucs Dataset 0.0.19>
<indep Rx 100>
  +1.00000000000000000000e+02
  +1.07226722201032330872e+02
  +1.14975699539773586366e+02
  +1.23284673944206616625e+02
  +1.32194114846602900570e+02
  +1.41747416292680497918e+02
  +1.51991108295293372521e+02
  +1.62975083462064418427e+02
  +1.74752840000768372875e+02
  +1.87381742286038388556e+02
  +2.00923300256504688832e+02
  +2.15443469003188369015e+02
  +2.31012970008315988935e+02
  +2.47707635599171055674e+02
  +2.65608778294668582021e+02
  +2.84803586843580148980e+02
  +3.05385550883341466033e+02
  +3.27454916287772789474e+02
  +3.51119173421513039557e+02
  +3.76493580679246747422e+02
  +4.03701725859655368822e+02
  +4.32876128108305806563e+02
  +4.64158883361277844415e+02
  +4.97702356433210979958e+02
  +5.33669923120630869562e+02
  +5.72236765935021594487e+02
  +6.13590727341317119681e+02
  +6.57933224657567848226e+02
  +7.05480231071864182013e+02
  +7.56463327554628790494e+02
  +8.11130830789687024662e+02
  +8.69749002617783162350e+02
  +9.32603346883219728625e+02
  +9.99999999999999772626e+02
  +1.07226722201032293924e+03
  +1.14975699539773540891e+03
  +1.23284673944206588203e+03
  +1.32194114846602860780e+03
  +1.41747416292680463812e+03
  +1.51991108295293292940e+03
  +1.62975083462064344531e+03
  +1.74752840000768355821e+03
  +1.87381742286038388556e+03
  +2.00923300256504694516e+03
  +2.15443469003188374700e+03
  +2.31012970008315915038e+03
  +2.47707635599171044305e+03
  +2.65608778294668582021e+03
  +2.84803586843580069399e+03
  +3.05385550883341466033e+03
  +3.27454916287772721262e+03
  +3.51119173421513005451e+03
  +3.76493580679246679210e+03
  +4.03701725859655289241e+03
  +4.32876128108305601927e+03
  +4.64158883361277639779e+03
  +4.97702356433211025433e+03
  +5.33669923120630937774e+03
  +5.72236765935021594487e+03
  +6.13590727341316960519e+03
  +6.57933224657567916438e+03
  +7.05480231071863818215e+03
  +7.56463327554628631333e+03
  +8.11130830789686388016e+03
  +8.69749002617782934976e+03
  +9.32603346883219819574e+03
  +9.99999999999999636202e+03
  +1.07226722201032316661e+04
  +1.14975699539773522702e+04
  +1.23284673944206606393e+04
  +1.32194114846602824400e+04
  +1.41747416292680500192e+04
  +1.51991108295293252013e+04
  +1.62975083462064394553e+04
  +1.74752840000768264872e+04
  +1.87381742286038315797e+04
  +2.00923300256504553545e+04
  +2.15443469003188292845e+04
  +2.31012970008315787709e+04
  +2.47707635599170971545e+04
  +2.65608778294668372837e+04
  +2.84803586843580051209e+04
  +3.05385550883341529698e+04
  +3.27454916287772684882e+04
  +3.51119173421513114590e+04
  +3.76493580679246588261e+04
  +4.03701725859655343811e+04
  +4.32876128108305492788e+04
  +4.64158883361277694348e+04
  +4.97702356433210661635e+04
  +5.33669923120630774065e+04
  +5.72236765935021248879e+04
  +6.13590727341317033279e+04
  +6.57933224657567334361e+04
  +7.05480231071863963734e+04
  +7.56463327554628049256e+04
  +8.11130830789686588105e+04
  +8.69749002617783116875e+04
  +9.32603346883219201118e+04
  +9.99999999999999708962e+04
</indep>
<indep Ux 3>
  +1.00000000000000000000e+00
  +3.00000000000000000000e+00
  +9.00000000000000000000e+00
</indep>
<dep V1.I Rx Ux>
  -3.42192691029900289065e-03
  -3.34560079606642697680e-03
  -3.26767464800173769793e-03
  -3.18829298525752456023e-03
  -3.10761297496467241153e-03
  -3.02580337364920411158e-03
  -2.94304325644192434075e-03
  -2.85952055107430418851e-03
  -2.77543039981258989057e-03
  -2.69097337810808101902e-03
  -2.60635360355991217360e-03
  -2.52177677255359866323e-03
  -2.43744816445840267044e-03
  -2.35357065440587815211e-03
  -2.27034277537004015521e-03
  -2.18795686854263192814e-03
  -2.10659735793671497317e-03
  -2.02643918091929917807e-03
  -1.94764640118648846984e-03
  -1.87037102481194027551e-03
  -1.79475203370356396412e-03
  -1.72091464438144884502e-03
  -1.64896979371582496493e-03
  -1.57901384738302875098e-03
  -1.51112852151472922511e-03
  -1.44538100348763501671e-03
  -1.38182425413154591487e-03
  -1.32049747087489648643e-03
  -1.26142668950198172211e-03
  -1.20462550122599600447e-03
  -1.15009586161321942371e-03
  -1.09782896842748308244e-03
  -1.04780618658551535199e-03
  -9.99999999999999587136e-04
  -9.54374972015290218112e-04
  -9.10888698293676026332e-04
  -8.69492738281239124255e-04
  -8.30133513678947077344e-04
  -7.92753164589219305909e-04
  -7.57290356139376651286e-04
  -7.23681030355400375237e-04
  -6.91859099840836299852e-04
  -6.61757081388163474929e-04
  -6.33306669005684981164e-04
  -6.06439246983763043629e-04
  -5.81086344558028673919e-04
  -5.57180034467738235539e-04
  -5.34653278271643743122e-04
  -5.13440221690553600005e-04
  -4.93476443515242181245e-04
  -4.74699161770258839903e-04
  -4.57047400877735063383e-04
  -4.40462123538597021249e-04
  -4.24886330957603415397e-04
  -4.10265134898652676209e-04
  -3.96545804880014951532e-04
  -3.83677793617158446361e-04
  -3.71612743602488129844e-04
  -3.60304477484832852852e-04
  -3.49708974682592780604e-04
  -3.39784336438525244074e-04
  -3.30490741304833993749e-04
  -3.21790392837244362996e-04
  -3.13647461078370214192e-04
  -3.06028019225083023919e-04
  -2.98899976702461840378e-04
  -2.92233009708735855334e-04
  -2.85998490151317735428e-04
  -2.80169413763075106100e-04
  -2.74720328070206037344e-04
  -2.69627260777497183494e-04
  -2.64867649042824812415e-04
  -2.60420270029582546622e-04
  -2.56265173052438197197e-04
  -2.52383613567700186477e-04
  -2.48757989203667658363e-04
  -2.45371777977937530115e-04
  -2.42209478806967772740e-04
  -2.39256554377494134230e-04
  -2.36499376419131609713e-04
  -2.33925173391858116402e-04
  -2.31521980580754854198e-04
  -2.29278592572588812764e-04
  -2.27184518074386706870e-04
  -2.25229937022404351227e-04
  -2.23405659920641007365e-04
  -2.21703089340793919665e-04
  -2.20114183510262772072e-04
  -2.18631421910821818842e-04
  -2.17247772808104485905e-04
  -2.15956662630543483935e-04
  -2.14751947115832949676e-04
  -2.13627884143271731159e-04
  -2.12579108171085274116e-04
  -2.11600606199274473337e-04
  -2.10687695180235815993e-04
  -2.09836000801535786913e-04
  -2.09041437567499194857e-04
  -2.08300190108830392266e-04
  -2.07608695652172580261e-04
  -1.02657807308970099730e-02
  -1.00368023881992791957e-02
  -9.80302394400521699691e-03
  -9.56487895577257801749e-03
  -9.32283892489401896930e-03
  -9.07741012094761406948e-03
  -8.82912976932577475697e-03
  -8.57856165322291863706e-03
  -8.32629119943777314117e-03
  -8.07292013432424696018e-03
  -7.81906081067973782184e-03
  -7.56533031766080076019e-03
  -7.31234449337521061341e-03
  -7.06071196321763662473e-03
  -6.81102832611012523611e-03
  -6.56387060562790142226e-03
  -6.31979207381015099104e-03
  -6.07931754275790360575e-03
  -5.84293920355947148104e-03
  -5.61111307443582039284e-03
  -5.38425610111069666286e-03
  -5.16274393314434826979e-03
  -4.94690938114747576215e-03
  -4.73704154214908950554e-03
  -4.53338556454419179531e-03
  -4.33614301046290721853e-03
  -4.14547276239464294878e-03
  -3.96149241262469444663e-03
  -3.78428006850594841892e-03
  -3.61387650367799148285e-03
  -3.45028758483965870482e-03
  -3.29348690528245141573e-03
  -3.14341855975654779071e-03
  -2.99999999999999919509e-03
  -2.86312491604587228064e-03
  -2.73266609488103350001e-03
  -2.60847821484371748119e-03
  -2.49040054103684491832e-03
  -2.37825949376766149559e-03
  -2.27187106841813526645e-03
  -2.17104309106619939099e-03
  -2.07557729952250911640e-03
  -1.98527124416449400265e-03
  -1.89992000701705841294e-03
  -1.81931774095129596136e-03
  -1.74325903367409133435e-03
  -1.67154010340322153709e-03
  -1.60395983481493296409e-03
  -1.54032066507166242632e-03
  -1.48042933054573001318e-03
  -1.42409748531077988074e-03
  -1.37114220263320871381e-03
  -1.32138637061579122638e-03
  -1.27465899287281382406e-03
  -1.23079540469595472181e-03
  -1.18963741464005005877e-03
  -1.15103338085147891695e-03
  -1.11483823080746617847e-03
  -1.08091343245450360010e-03
  -1.04912692404778018496e-03
  -1.01935300931558104481e-03
  -9.91472223914507131207e-04
  -9.65371178511736558435e-04
  -9.40942383235114166232e-04
  -9.18084057675255956442e-04
  -8.96699930107390779516e-04
  -8.76699029126211089660e-04
  -8.57995470453954941006e-04
  -8.40508241289230576682e-04
  -8.24160984210625105137e-04
  -8.08881782332495019930e-04
  -7.94602947128476171969e-04
  -7.81260810088751163523e-04
  -7.68795519157316272103e-04
  -7.57150840703100613642e-04
  -7.46273967611002920879e-04
  -7.36115333933819475029e-04
  -7.26628436420906787668e-04
  -7.17769663132487661071e-04
  -7.09498129257396482547e-04
  -7.01775520175577818653e-04
  -6.94565941742271582802e-04
  -6.87835777717769880635e-04
  -6.81553554223165297676e-04
  -6.75689811067216577339e-04
  -6.70216979761928226267e-04
  -6.65109268022383466612e-04
  -6.60342550530788343320e-04
  -6.55894265732468980182e-04
  -6.51743318424318688990e-04
  -6.47869987891633867041e-04
  -6.44255841347505706605e-04
  -6.40883652429822159476e-04
  -6.37737324513260972307e-04
  -6.34801818597826835247e-04
  -6.32063085540709155598e-04
  -6.29508002404614245423e-04
  -6.27124312702499373505e-04
  -6.24900570326492911521e-04
  -6.22826086956517767888e-04
  -3.07973421926910281843e-02
  -3.01104071645978341176e-02
  -2.94090718320156457866e-02
  -2.86946368673177340525e-02
  -2.79685167746820534385e-02
  -2.72322303628428352695e-02
  -2.64873893079773242709e-02
  -2.57356849596687420334e-02
  -2.49788735983133176888e-02
  -2.42187604029727304722e-02
  -2.34571824320392134655e-02
  -2.26959909529823901375e-02
  -2.19370334801256179624e-02
  -2.11821358896529046700e-02
  -2.04330849783303618306e-02
  -1.96916118168836869196e-02
  -1.89593762214304469016e-02
  -1.82379526282737056131e-02
  -1.75288176106784057695e-02
  -1.68333392233074585764e-02
  -1.61527683033320726413e-02
  -1.54882317994330491462e-02
  -1.48407281434424220823e-02
  -1.42111246264472537715e-02
  -1.36001566936325667123e-02
  -1.30084290313887147167e-02
  -1.24364182871839288463e-02
  -1.18844772378740772684e-02
  -1.13528402055178383179e-02
  -1.08416295110339670760e-02
  -1.03508627545189687419e-02
  -9.88046071584733689996e-03
  -9.43025567926962168808e-03
  -9.00000000000000452416e-03
  -8.58937474813761814296e-03
  -8.19799828464307968334e-03
  -7.82543464453115851509e-03
  -7.47120162311052000981e-03
  -7.13477848130297364476e-03
  -6.81561320525439842677e-03
  -6.51312927319858819830e-03
  -6.22673189856752344606e-03
  -5.95581373249347810483e-03
  -5.69976002105117892510e-03
  -5.45795322285387747574e-03
  -5.22977710102225969158e-03
  -5.01462031020964357775e-03
  -4.81187950444478870077e-03
  -4.62096199521498402635e-03
  -4.44128799163718331749e-03
  -4.27229245593232272865e-03
  -4.11342660789961248047e-03
  -3.96415911184736999284e-03
  -3.82397697861843431644e-03
  -3.69238621408785700970e-03
  -3.56891224392015017630e-03
  -3.45310014255442634251e-03
  -3.34451469242239484911e-03
  -3.24274029736351101713e-03
  -3.14738077214333708542e-03
  -3.05805902794672231776e-03
  -2.97441667174351814101e-03
  -2.89611353553519915854e-03
  -2.82282714970533187351e-03
  -2.75425217302575735256e-03
  -2.69009979032217233855e-03
  -2.63009708737862958269e-03
  -2.57398641136186157041e-03
  -2.52152472386767785226e-03
  -2.47248295263185124612e-03
  -2.42664534699748180718e-03
  -2.38380884138543556322e-03
  -2.34378243026624969586e-03
  -2.30638655747193504694e-03
  -2.27145252210929132416e-03
  -2.23882190283300171532e-03
  -2.20834600180144823359e-03
  -2.17988530926272036300e-03
  -2.15330898939743858866e-03
  -2.12849438777218272559e-03
  -2.10532656052671600030e-03
  -2.08369782522680423165e-03
  -2.06350733315329923356e-03
  -2.04466066266949589303e-03
  -2.02706943320165320147e-03
  -2.01065093928576733157e-03
  -1.99532780406716080818e-03
  -1.98102765159237186043e-03
  -1.96768279719739631536e-03
  -1.95522995527295595855e-03
  -1.94360996367490181796e-03
  -1.93276752404250681990e-03
  -1.92265095728945943111e-03
  -1.91321197353977261700e-03
  -1.90440545579345990590e-03
  -1.89618925662212063632e-03
  -1.88852400721383926682e-03
  -1.88137293810749454265e-03
  -1.87470171097948242085e-03
  -1.86847826086955319524e-03
</dep>
<dep X.V Rx Ux>
  +3.35548172757475116068e-01
  +3.27838464249133987316e-01
  +3.19967136161791787519e-01
  +3.11948786389649235229e-01
  +3.03799290400472044027e-01
  +2.95535694308000362884e-01
  +2.87176086509285444226e-01
  +2.78739449603465250238e-01
  +2.70245494930564766900e-01
  +2.61714482637180057001e-01
  +2.53167030662617476011e-01
  +2.44623916419555470503e-01
  +2.36105875197818504407e-01
  +2.27633399434937183647e-01
  +2.19226542966670823187e-01
  +2.10904734196225573939e-01
  +2.02686601811789629535e-01
  +1.94589816254474828883e-01
  +1.86630949614796953773e-01
  +1.78825356041610122881e-01
  +1.71187074111471188020e-01
  +1.63728751957722185040e-01
  +1.56461595324830865517e-01
  +1.49395338119497900209e-01
  +1.42538234496437377086e-01
  +1.35897071059357082978e-01
  +1.29477197387025039221e-01
  +1.23282572815646362940e-01
  +1.17315827222422508491e-01
  +1.11578333457171455234e-01
  +1.06070289051840419003e-01
  +1.00790804891664934062e-01
  +9.57379986450015429966e-02
  +9.09090909090909254919e-02
  +8.63005022237667979157e-02
  +8.19079493225936816625e-02
  +7.77265392203272120764e-02
  +7.37508599675704562548e-02
  +6.99750671302242638339e-02
  +6.63929652666038760955e-02
  +6.29980838742828230803e-02
  +5.97837474586703568336e-02
  +5.67431395341580629976e-02
  +5.38693605056249358309e-02
  +5.11554794933096329546e-02
  +4.85945802583869559954e-02
  +4.61798014613879689860e-02
  +4.39043715425904076954e-02
  +4.17616385546013824115e-02
  +3.97450953045700786093e-02
  +3.78484001788139609590e-02
  +3.60653940280541082664e-02
  +3.43901134887471746082e-02
  +3.28168011068286705201e-02
  +3.13399126160255267481e-02
  +2.99541217050522910748e-02
  +2.86543225875918600165e-02
  +2.74356306669179920987e-02
  +2.62933815641246682038e-02
  +2.52231287558175275298e-02
  +2.42206400442956139296e-02
  +2.32818930610945891424e-02
  +2.24030699835600505265e-02
  +2.15805516240777824077e-02
  +2.08109110328369116549e-02
  +2.00909067376226248280e-02
  +1.94174757281553415911e-02
  +1.87877262779109800717e-02
  +1.81989306831390404429e-02
  +1.76485179868897217037e-02
  +1.71340667452019000672e-02
  +1.66532978831137566667e-02
  +1.62040676797559034250e-02
  +1.57843609143877572354e-02
  +1.53922841987576500961e-02
  +1.50260595155220014196e-02
  +1.46840179775695380687e-02
  +1.43645938188856781698e-02
  +1.40663186239893631818e-02
  +1.37878157999122424870e-02
  +1.35277952921069796743e-02
  +1.32850485435107787402e-02
  +1.30584436942010537197e-02
  +1.28469210176148877084e-02
  +1.26494885881219022716e-02
  +1.24652181738022626439e-02
  +1.22932413475551061133e-02
  +1.21327458091175805627e-02
  +1.19829719101840880685e-02
  +1.18432093745561971970e-02
  +1.17127942051055197042e-02
  +1.15911057692763153765e-02
  +1.14775640548761895254e-02
  +1.13716270879885648221e-02
  +1.12727885049771475029e-02
  +1.11805752707309202093e-02
  +1.10945455355088914984e-02
  +1.10142866229797666000e-02
  +1.09394131423062139497e-02
  +1.08695652173913057809e-02
  +1.00664451827242529269e+00
  +9.83515392747402072970e-01
  +9.59901408485375196022e-01
  +9.35846359168947428131e-01
  +9.11397871201415910036e-01
  +8.86607082924000922119e-01
  +8.61528259527856277167e-01
  +8.36218348810395695203e-01
  +8.10736484791694245189e-01
  +7.85143447911540115491e-01
  +7.59501091987852428034e-01
  +7.33871749258666383753e-01
  +7.08317625593455568733e-01
  +6.82900198304811523187e-01
  +6.57679628900012525072e-01
  +6.32714202588676832839e-01
  +6.08059805435368749826e-01
  +5.83769448763424403381e-01
  +5.59892848844390722540e-01
  +5.36476068124830507422e-01
  +5.13561222334413591817e-01
  +4.91186255873166610630e-01
  +4.69384785974492624305e-01
  +4.48186014358493700627e-01
  +4.27614703489312075746e-01
  +4.07691213178071165668e-01
  +3.88431592161075089908e-01
  +3.69847718446939088821e-01
  +3.51947481667267525474e-01
  +3.34735000371514324069e-01
  +3.18210867155521215377e-01
  +3.02372414674994760553e-01
  +2.87213995935004628990e-01
  +2.72727272727272762598e-01
  +2.58901506671300407625e-01
  +2.45723847967781017232e-01
  +2.33179617660981636229e-01
  +2.21252579902711299376e-01
  +2.09925201390672749868e-01
  +1.99178895799811600531e-01
  +1.88994251622848469241e-01
  +1.79351242376011105195e-01
  +1.70229418602474147360e-01
  +1.61608081516874779737e-01
  +1.53466438479928857230e-01
  +1.45783740775160874925e-01
  +1.38539404384163900019e-01
  +1.31713114627771243903e-01
  +1.25284915663804147234e-01
  +1.19235285913710242767e-01
  +1.13545200536441903694e-01
  +1.08196182084162345616e-01
  +1.03170340466241503008e-01
  +9.84504033204860046213e-02
  +9.40197378480765871833e-02
  +8.98623651151568836326e-02
  +8.59629677627755800495e-02
  +8.23068920007539728267e-02
  +7.88801446923740046113e-02
  +7.56693862674525791201e-02
  +7.26619201328868452583e-02
  +6.98456791832837708967e-02
  +6.72092099506801515796e-02
  +6.47416548722333506927e-02
  +6.24327330985107245565e-02
  +6.02727202128678779536e-02
  +5.82524271844660351816e-02
  +5.63631788337329367455e-02
  +5.45967920494171143897e-02
  +5.29455539606691685806e-02
  +5.14022002356057036709e-02
  +4.99598936493412665305e-02
  +4.86122030392677068056e-02
  +4.73530827431632717062e-02
  +4.61768525962729520229e-02
  +4.50781785465660042589e-02
  +4.40520539327086194104e-02
  +4.30937814566570362440e-02
  +4.21989558719680912802e-02
  +4.13634473997367344000e-02
  +4.05833858763209320841e-02
  +3.98551456305323362206e-02
  +3.91753310826031611591e-02
  +3.85407630528446579210e-02
  +3.79484657643657033455e-02
  +3.73956545214067931360e-02
  +3.68797240426653183398e-02
  +3.63982374273527434227e-02
  +3.59489157305522624708e-02
  +3.55296281236685898564e-02
  +3.51383826153165643169e-02
  +3.47733173078289478641e-02
  +3.44326921646285685763e-02
  +3.41148812639656962009e-02
  +3.38183655149314477129e-02
  +3.35417258121927588932e-02
  +3.32836366065266744951e-02
  +3.30428598689392963306e-02
  +3.28182394269186453184e-02
  +3.26086956521739121384e-02
  +3.01993355481727565603e+00
  +2.95054617824220644096e+00
  +2.87970422545612514398e+00
  +2.80753907750684206235e+00
  +2.73419361360424773011e+00
  +2.65982124877200298840e+00
  +2.58458477858356872048e+00
  +2.50865504643118697459e+00
  +2.43220945437508229148e+00
  +2.35543034373462045750e+00
  +2.27850327596355750615e+00
  +2.20161524777599915126e+00
  +2.12495287678036692824e+00
  +2.04870059491443479160e+00
  +1.97303888670003790828e+00
  +1.89814260776603016545e+00
  +1.82417941630610647152e+00
  +1.75130834629027343219e+00
  +1.67967854653317250069e+00
  +1.60942820437449163329e+00
  +1.54068366700324110852e+00
  +1.47355876761949988740e+00
  +1.40815435792347787292e+00
  +1.34455804307548110188e+00
  +1.28284411046793622724e+00
  +1.22307363953421344149e+00
  +1.16529477648322532524e+00
  +1.10954315534081704442e+00
  +1.05584244500180246540e+00
  +1.00420500111454291670e+00
  +9.54632601466563812664e-01
  +9.07117244024984503703e-01
  +8.61641987805013775947e-01
  +8.18181818181818232283e-01
  +7.76704520013901333897e-01
  +7.37171543903343162718e-01
  +6.99538852982944825420e-01
  +6.63757739708134009149e-01
  +6.29775604172018166338e-01
  +5.97536687399434773837e-01
  +5.66982754868545324456e-01
  +5.38053727128033232319e-01
  +5.10688255807422497590e-01
  +4.84824244550624228189e-01
  +4.60399315439786571691e-01
  +4.37351222325482680287e-01
  +4.15618213152491700058e-01
  +3.95139343883313676198e-01
  +3.75854746991412469459e-01
  +3.57705857741130728300e-01
  +3.40635601609325711081e-01
  +3.24588546252487064603e-01
  +3.09511021398724550657e-01
  +2.95351209961458027742e-01
  +2.82059213544229803183e-01
  +2.69587095345470595387e-01
  +2.57888903288326754026e-01
  +2.46920676002261918480e-01
  +2.36640434077122013834e-01
  +2.27008158802357751238e-01
  +2.17985760398660521897e-01
  +2.09537037549851257179e-01
  +2.01627629852040468617e-01
  +1.94224964616700024322e-01
  +1.87298199295532152853e-01
  +1.80818160638603592227e-01
  +1.74757281553398063911e-01
  +1.69089536501198789420e-01
  +1.63790376148251343169e-01
  +1.58836661882007512681e-01
  +1.54206600706817104074e-01
  +1.49879680948023813469e-01
  +1.45836609117803134295e-01
  +1.42059248229489815118e-01
  +1.38530557788818842191e-01
  +1.35234535639698005838e-01
  +1.32156161798125865170e-01
  +1.29281344369971101793e-01
  +1.26596867615904273840e-01
  +1.24090342199210196261e-01
  +1.21750157628962824008e-01
  +1.19565436891597029478e-01
  +1.17525993247809490416e-01
  +1.15622289158533966824e-01
  +1.13845397293097116975e-01
  +1.12186963564220379408e-01
  +1.10639172127995955019e-01
  +1.09194712282058237207e-01
  +1.07846747191656808229e-01
  +1.06588884371005776508e-01
  +1.05415147845949672134e-01
  +1.04319951923486836654e-01
  +1.03298076493885712668e-01
  +1.02344643791897088603e-01
  +1.01455096544794329261e-01
  +1.00625177436578297496e-01
  +9.98509098195800165465e-02
  +9.91285796068178959306e-02
  +9.84547182807559290163e-02
  +9.78260869565217433541e-02
</dep>
<dep _net1.V Rx Ux>
  +6.64451827242524939443e-01
  +6.72161535750865901662e-01
  +6.80032863838208267993e-01
  +6.88051213610351042327e-01
  +6.96200709599527955973e-01
  +7.04464305691999470582e-01
  +7.12823913490714611285e-01
  +7.21260550396534805273e-01
  +7.29754505069435288611e-01
  +7.38285517362819998510e-01
  +7.46832969337382523989e-01
  +7.55376083580444501742e-01
  +7.63894124802181440081e-01
  +7.72366600565062788597e-01
  +7.80773457033329232324e-01
  +7.89095265803774426061e-01
  +7.97313398188210564754e-01
  +8.05410183745525198873e-01
  +8.13369050385203129494e-01
  +8.21174643958389904874e-01
  +8.28812925888528839735e-01
  +8.36271248042277703938e-01
  +8.43538404675169162239e-01
  +8.50604661880502099791e-01
  +8.57461765503562678425e-01
  +8.64102928940642889266e-01
  +8.70522802612975099557e-01
  +8.76717427184353859104e-01
  +8.82684172777577491509e-01
  +8.88421666542828614155e-01
  +8.93929710948159650385e-01
  +8.99209195108335079816e-01
  +9.04262001354998457003e-01
  +9.09090909090909060630e-01
  +9.13699497776233160451e-01
  +9.18092050677406401604e-01
  +9.22273460779672760168e-01
  +9.26249140032429529867e-01
  +9.30024932869775833311e-01
  +9.33607034733396234927e-01
  +9.37001916125717149164e-01
  +9.40216252541329677861e-01
  +9.43256860465842006391e-01
  +9.46130639494375258458e-01
  +9.48844520506690436434e-01
  +9.51405419741613189721e-01
  +9.53820198538612218364e-01
  +9.56095628457409696388e-01
  +9.58238361445398645344e-01
  +9.60254904695430067108e-01
  +9.62151599821185921080e-01
  +9.63934605971945912550e-01
  +9.65609886511252901720e-01
  +9.67183198893171280908e-01
  +9.68660087383974466313e-01
  +9.70045878294947927500e-01
  +9.71345677412408292639e-01
  +9.72564369333081990554e-01
  +9.73706618435875359552e-01
  +9.74776871244182441245e-01
  +9.75779359955704417295e-01
  +9.76718106938905594738e-01
  +9.77596930016439991107e-01
  +9.78419448375922207184e-01
  +9.79189088967163279165e-01
  +9.79909093262377517419e-01
  +9.80582524271844779840e-01
  +9.81212273722089078909e-01
  +9.81801069316860952618e-01
  +9.82351482013110399727e-01
  +9.82865933254798207486e-01
  +9.83346702116886239864e-01
  +9.83795932320244204128e-01
  +9.84215639085612270520e-01
  +9.84607715801242400211e-01
  +9.84973940484477950008e-01
  +9.85315982022430425502e-01
  +9.85635406181114337443e-01
  +9.85933681376010673247e-01
  +9.86212184200087715880e-01
  +9.86472204707893096653e-01
  +9.86714951456489242076e-01
  +9.86941556305799161386e-01
  +9.87153078982385134843e-01
  +9.87350511411878239976e-01
  +9.87534781826197805010e-01
  +9.87706758652444949398e-01
  +9.87867254190882504439e-01
  +9.88017028089815951830e-01
  +9.88156790625443925968e-01
  +9.88287205794894485500e-01
  +9.88408894230723755747e-01
  +9.88522435945124011702e-01
  +9.88628372912011443852e-01
  +9.88727211495022739740e-01
  +9.88819424729269091934e-01
  +9.88905454464491184829e-01
  +9.88985713377020236869e-01
  +9.89060586857693713192e-01
  +9.89130434782608869426e-01
  +1.99335548172757448526e+00
  +2.01648460725259770498e+00
  +2.04009859151462435989e+00
  +2.06415364083105279391e+00
  +2.08860212879858408996e+00
  +2.11339291707599841175e+00
  +2.13847174047214405590e+00
  +2.16378165118960419377e+00
  +2.18926351520830575481e+00
  +2.21485655208845999553e+00
  +2.24049890801214779401e+00
  +2.26612825074133317216e+00
  +2.29168237440654420922e+00
  +2.31709980169518825477e+00
  +2.34232037109998758595e+00
  +2.36728579741132305614e+00
  +2.39194019456463102813e+00
  +2.41623055123657515253e+00
  +2.44010715115560872235e+00
  +2.46352393187516982564e+00
  +2.48643877766558629716e+00
  +2.50881374412683344488e+00
  +2.53061521402550759774e+00
  +2.55181398564150629937e+00
  +2.57238529651068770221e+00
  +2.59230878682192855678e+00
  +2.61156840783892496560e+00
  +2.63015228155306113322e+00
  +2.64805251833273258555e+00
  +2.66526499962848584246e+00
  +2.68178913284447872911e+00
  +2.69762758532500468434e+00
  +2.71278600406499537101e+00
  +2.72727272727272707087e+00
  +2.74109849332869970340e+00
  +2.75427615203221876072e+00
  +2.76682038233901828050e+00
  +2.77874742009728858960e+00
  +2.79007479860932727789e+00
  +2.80082110420018848274e+00
  +2.81100574837715155851e+00
  +2.82064875762398914461e+00
  +2.82977058139752601917e+00
  +2.83839191848312522026e+00
  +2.84653356152007086521e+00
  +2.85421625922483901405e+00
  +2.86146059561583632203e+00
  +2.86828688537222920019e+00
  +2.87471508433619593603e+00
  +2.88076471408628975723e+00
  +2.88645479946355765222e+00
  +2.89180381791583762663e+00
  +2.89682965953375815005e+00
  +2.90154959667951395375e+00
  +2.90598026215192373201e+00
  +2.91013763488484356046e+00
  +2.91403703223722443383e+00
  +2.91769310799924586064e+00
  +2.92111985530762607866e+00
  +2.92433061373254732374e+00
  +2.92733807986711314086e+00
  +2.93015432081671667319e+00
  +2.93279079004931952923e+00
  +2.93525834512776651053e+00
  +2.93756726690148939340e+00
  +2.93972727978713210817e+00
  +2.94174757281553400645e+00
  +2.94363682116626712570e+00
  +2.94540320795058274683e+00
  +2.94705444603933086611e+00
  +2.94859779976439462246e+00
  +2.95004010635065894164e+00
  +2.95138779696073205727e+00
  +2.95264691725683681156e+00
  +2.95382314740372686757e+00
  +2.95492182145343385002e+00
  +2.95594794606729127651e+00
  +2.95690621854334301233e+00
  +2.95780104412803179770e+00
  +2.95863655260026314764e+00
  +2.95941661412367906792e+00
  +2.96014485436946772623e+00
  +2.96082466891739715109e+00
  +2.96145923694715484942e+00
  +2.96205153423563460890e+00
  +2.96260434547859308196e+00
  +2.96312027595733473717e+00
  +2.96360176257264740229e+00
  +2.96405108426944741140e+00
  +2.96447037187633144484e+00
  +2.96486161738468334548e+00
  +2.96522668269217115622e+00
  +2.96556730783537148000e+00
  +2.96588511873603444258e+00
  +2.96618163448506821922e+00
  +2.96645827418780694273e+00
  +2.96671636339347344347e+00
  +2.96695714013106037754e+00
  +2.96718176057308147264e+00
  +2.96739130434782660828e+00
  +5.98006644518272345579e+00
  +6.04945382175779400313e+00
  +6.12029577454387307966e+00
  +6.19246092249315793765e+00
  +6.26580638639575138171e+00
  +6.34017875122799523524e+00
  +6.41541522141643127952e+00
  +6.49134495356881302541e+00
  +6.56779054562491637625e+00
  +6.64456965626538043068e+00
  +6.72149672403644249385e+00
  +6.79838475222399996056e+00
  +6.87504712321963395993e+00
  +6.95129940508556476431e+00
  +7.02696111329996320194e+00
  +7.10185739223396961251e+00
  +7.17582058369389397257e+00
  +7.24869165370972634577e+00
  +7.32032145346682749931e+00
  +7.39057179562550903285e+00
  +7.45931633299675933557e+00
  +7.52644123238049989055e+00
  +7.59184564207652190504e+00
  +7.65544195692451889812e+00
  +7.71715588953206399481e+00
  +7.77692636046578567033e+00
  +7.83470522351677445272e+00
  +7.89045684465918295558e+00
  +7.94415755499819731256e+00
  +7.99579499888545619513e+00
  +8.04536739853343618734e+00
  +8.09288275597501538527e+00
  +8.13835801219498655712e+00
  +8.18181818181817988034e+00
  +8.22329547998609911019e+00
  +8.26282845609665805853e+00
  +8.30046114701705484151e+00
  +8.33624226029186665698e+00
  +8.37022439582798227775e+00
  +8.40246331260056500412e+00
  +8.43301724513145423145e+00
  +8.46194627287196610155e+00
  +8.48931174419257850161e+00
  +8.51517575544937521670e+00
  +8.53960068456021303973e+00
  +8.56264877767451793034e+00
  +8.58438178684751029834e+00
  +8.60486065611668671238e+00
  +8.62414525300858691992e+00
  +8.64229414225886927170e+00
  +8.65936439839067340074e+00
  +8.67541145374751287989e+00
  +8.69048897860127489423e+00
  +8.70464879003854186124e+00
  +8.71794078645577030784e+00
  +8.73041290465453023728e+00
  +8.74211109671167285740e+00
  +8.75307932399773669374e+00
  +8.76335956592287779188e+00
  +8.77299184119764241530e+00
  +8.78201423960133986668e+00
  +8.79046296245014957549e+00
  +8.79837237014795903178e+00
  +8.80577503538329864341e+00
  +8.81270180070446862430e+00
  +8.81918183936139676860e+00
  +8.82524271844660290753e+00
  +8.83091046349880137711e+00
  +8.83620962385174912868e+00
  +8.84116333811799393061e+00
  +8.84579339929318386737e+00
  +8.85012031905197638082e+00
  +8.85416339088219572773e+00
  +8.85794075177050999059e+00
  +8.86146944221118282314e+00
  +8.86476546436030155007e+00
  +8.86784383820187294134e+00
  +8.87071865563002859290e+00
  +8.87340313238409628127e+00
  +8.87590965780078988701e+00
  +8.87824984237103720375e+00
  +8.88043456310840362278e+00
  +8.88247400675219012101e+00
  +8.88437771084146454825e+00
  +8.88615460270690249445e+00
  +8.88781303643578013407e+00
  +8.88936082787200376742e+00
  +8.89080528771794220688e+00
  +8.89215325280834356647e+00
  +8.89341111562899477860e+00
  +8.89458485215405048052e+00
  +8.89568004807651391275e+00
  +8.89670192350611443999e+00
  +8.89765535620810155137e+00
  +8.89854490345520510175e+00
  +8.89937482256342171638e+00
  +8.90014909018042033040e+00
  +8.90087142039318202080e+00
  +8.90154528171924397384e+00
  +8.90217391304347849257e+00
</dep>
<dep _net0.V Rx Ux>
  +1.00000000000000000000e+00
  +1.00000000000000000000e+00
  +1.00000000000000000000e+00
  +1.00000000000000000000e+00
  +1.00000000000000000000e+00
  +1.00000000000000000000e+00
  +1.00000000000000000000e+00
  +1.00000000000000000000e+00
  +1.00000000000000000000e+00
  +1.00000000000000000000e+00
  +1.00000000000000000000e+00
  +1.00000000000000000000e+00
  +1.00000000000000000000e+00
  +1.00000000000000000000e+00
  +1.00000000000000000000e+00
  +1.00000000000000000000e+00
  +1.00000000000000000000e+00
  +1.00000000000000000000e+00
  +1.00000000000000000000e+00
  +1.00000000000000000000e+00
  +1.00000000000000000000e+00
  +1.00000000000000000000e+00
  +1.00000000000000000000e+00
  +1.00000000000000000000e+00
  +1.00000000000000000000e+00
  +1.00000000000000000000e+00
  +1.00000000000000000000e+00
  +1.00000000000000000000e+00
  +1.00000000000000000000e+00
  +1.00000000000000000000e+00
  +1.00000000000000000000e+00
  +1.00000000000000000000e+00
  +1.00000000000000000000e+00
  +1.00000000000000000000e+00
  +1.00000000000000000000e+00
  +1.00000000000000000000e+00
  +1.00000000000000000000e+00
  +1.00000000000000000000e+00
  +1.00000000000000000000e+00
  +1.00000000000000000000e+00
  +1.00000000000000000000e+00
  +1.00000000000000000000e+00
  +1.00000000000000000000e+00
  +1.00000000000000000000e+00
  +1.00000000000000000000e+00
  +1.00000000000000000000e+00
  +1.00000000000000000000e+00
  +1.00000000000000000000e+00
  +1.00000000000000000000e+00
  +1.00000000000000000000e+00
  +1.00000000000000000000e+00
  +1.00000000000000000000e+00
  +1.00000000000000000000e+00
  +1.00000000000000000000e+00
  +1.00000000000000000000e+00
  +1.00000000000000000000e+00
  +1.00000000000000000000e+00
  +1.00000000000000000000e+00
  +1.00000000000000000000e+00
  +1.00000000000000000000e+00
  +1.00000000000000000000e+00
  +1.00000000000000000000e+00
  +1.00000000000000000000e+00
  +1.00000000000000000000e+00
  +1.00000000000000000000e+00
  +1.00000000000000000000e+00
  +1.00000000000000000000e+00
  +1.00000000000000000000e+00
  +1.00000000000000000000e+00
  +1.00000000000000000000e+00
  +1.00000000000000000000e+00
  +1.00000000000000000000e+00
  +1.00000000000000000000e+00
  +1.00000000000000000000e+00
  +1.00000000000000000000e+00
  +1.00000000000000000000e+00
  +1.00000000000000000000e+00
  +1.00000000000000000000e+00
  +1.00000000000000000000e+00
  +1.00000000000000000000e+00
  +1.00000000000000000000e+00
  +1.00000000000000000000e+00
  +1.00000000000000000000e+00
  +1.00000000000000000000e+00
  +1.00000000000000000000e+00
  +1.00000000000000000000e+00
  +1.00000000000000000000e+00
  +1.00000000000000000000e+00
  +1.00000000000000000000e+00
  +1.00000000000000000000e+00
  +1.00000000000000000000e+00
  +1.00000000000000000000e+00
  +1.00000000000000000000e+00
  +1.00000000000000000000e+00
  +1.00000000000000000000e+00
  +1.00000000000000000000e+00
  +1.00000000000000000000e+00
  +1.00000000000000000000e+00
  +1.00000000000000000000e+00
  +1.00000000000000000000e+00
  +3.00000000000000000000e+00
  +3.00000000000000000000e+00
  +3.00000000000000000000e+00
  +3.00000000000000000000e+00
  +3.00000000000000000000e+00
  +3.00000000000000000000e+00
  +3.00000000000000000000e+00
  +3.00000000000000000000e+00
  +3.00000000000000000000e+00
  +3.00000000000000000000e+00
  +3.00000000000000000000e+00
  +3.00000000000000000000e+00
  +3.00000000000000000000e+00
  +3.00000000000000000000e+00
  +3.00000000000000000000e+00
  +3.00000000000000000000e+00
  +3.00000000000000000000e+00
  +3.00000000000000000000e+00
  +3.00000000000000000000e+00
  +3.00000000000000000000e+00
  +3.00000000000000000000e+00
  +3.00000000000000000000e+00
  +3.00000000000000000000e+00
  +3.00000000000000000000e+00
  +3.00000000000000000000e+00
  +3.00000000000000000000e+00
  +3.00000000000000000000e+00
  +3.00000000000000000000e+00
  +3.00000000000000000000e+00
  +3.00000000000000000000e+00
  +3.00000000000000000000e+00
  +3.00000000000000000000e+00
  +3.00000000000000000000e+00
  +3.00000000000000000000e+00
  +3.00000000000000000000e+00
  +3.00000000000000000000e+00
  +3.00000000000000000000e+00
  +3.00000000000000000000e+00
  +3.00000000000000000000e+00
  +3.00000000000000000000e+00
  +3.00000000000000000000e+00
  +3.00000000000000000000e+00
  +3.00000000000000000000e+00
  +3.00000000000000000000e+00
  +3.00000000000000000000e+00
  +3.00000000000000000000e+00
  +3.00000000000000000000e+00
  +3.00000000000000000000e+00
  +3.00000000000000000000e+00
  +3.00000000000000000000e+00
  +3.00000000000000000000e+00
  +3.00000000000000000000e+00
  +3.00000000000000000000e+00
  +3.00000000000000000000e+00
  +3.00000000000000000000e+00
  +3.00000000000000000000e+00
  +3.00000000000000000000e+00
  +3.00000000000000000000e+00
  +3.00000000000000000000e+00
  +3.00000000000000000000e+00
  +3.00000000000000000000e+00
  +3.00000000000000000000e+00
  +3.00000000000000000000e+00
  +3.00000000000000000000e+00
  +3.00000000000000000000e+00
  +3.00000000000000000000e+00
  +3.00000000000000000000e+00
  +3.00000000000000000000e+00
  +3.00000000000000000000e+00
  +3.00000000000000000000e+00
  +3.00000000000000000000e+00
  +3.00000000000000000000e+00
  +3.00000000000000000000e+00
  +3.00000000000000000000e+00
  +3.00000000000000000000e+00
  +3.00000000000000000000e+00
  +3.00000000000000000000e+00
  +3.00000000000000000000e+00
  +3.00000000000000000000e+00
  +3.00000000000000000000e+00
  +3.00000000000000000000e+00
  +3.00000000000000000000e+00
  +3.00000000000000000000e+00
  +3.00000000000000000000e+00
  +3.00000000000000000000e+00
  +3.00000000000000000000e+00
  +3.00000000000000000000e+00
  +3.00000000000000000000e+00
  +3.00000000000000000000e+00
  +3.00000000000000000000e+00
  +3.00000000000000000000e+00
  +3.00000000000000000000e+00
  +3.00000000000000000000e+00
  +3.00000000000000000000e+00
  +3.00000000000000000000e+00
  +3.00000000000000000000e+00
  +3.00000000000000000000e+00
  +3.00000000000000000000e+00
  +3.00000000000000000000e+00
  +3.00000000000000000000e+00
  +9.00000000000000000000e+00
  +9.00000000000000000000e+00
  +9.00000000000000000000e+00
  +9.00000000000000000000e+00
  +9.00000000000000000000e+00
  +9.00000000000000000000e+00
  +9.00000000000000000000e+00
  +9.00000000000000000000e+00
  +9.00000000000000000000e+00
  +9.00000000000000000000e+00
  +9.00000000000000000000e+00
  +9.00000000000000000000e+00
  +9.00000000000000000000e+00
  +9.00000000000000000000e+00
  +9.00000000000000000000e+00
  +9.00000000000000000000e+00
  +9.00000000000000000000e+00
  +9.00000000000000000000e+00
  +9.00000000000000000000e+00
  +9.00000000000000000000e+00
  +9.00000000000000000000e+00
  +9.00000000000000000000e+00
  +9.00000000000000000000e+00
  +9.00000000000000000000e+00
  +9.00000000000000000000e+00
  +9.00000000000000000000e+00
  +9.00000000000000000000e+00
  +9.00000000000000000000e+00
  +9.00000000000000000000e+00
  +9.00000000000000000000e+00
  +9.00000000000000000000e+00
  +9.00000000000000000000e+00
  +9.00000000000000000000e+00
  +9.00000000000000000000e+00
  +9.00000000000000000000e+00
  +9.00000000000000000000e+00
  +9.00000000000000000000e+00
  +9.00000000000000000000e+00
  +9.00000000000000000000e+00
  +9.00000000000000000000e+00
  +9.00000000000000000000e+00
  +9.00000000000000000000e+00
  +9.00000000000000000000e+00
  +9.00000000000000000000e+00
  +9.00000000000000000000e+00
  +9.00000000000000000000e+00
  +9.00000000000000000000e+00
  +9.00000000000000000000e+00
  +9.00000000000000000000e+00
  +9.00000000000000000000e+00
  +9.00000000000000000000e+00
  +9.00000000000000000000e+00
  +9.00000000000000000000e+00
  +9.00000000000000000000e+00
  +9.00000000000000000000e+00
  +9.00000000000000000000e+00
  +9.00000000000000000000e+00
  +9.00000000000000000000e+00
  +9.00000000000000000000e+00
  +9.00000000000000000000e+00
  +9.00000000000000000000e+00
  +9.00000000000000000000e+00
  +9.00000000000000000000e+00
  +9.00000000000000000000e+00
  +9.00000000000000000000e+00
  +9.00000000000000000000e+00
  +9.00000000000000000000e+00
  +9.00000000000000000000e+00
  +9.00000000000000000000e+00
  +9.00000000000000000000e+00
  +9.00000000000000000000e+00
  +9.00000000000000000000e+00
  +9.00000000000000000000e+00
  +9.00000000000000000000e+00
  +9.00000000000000000000e+00
  +9.00000000000000000000e+00
  +9.00000000000000000000e+00
  +9.00000000000000000000e+00
  +9.00000000000000000000e+00
  +9.00000000000000000000e+00
  +9.00000000000000000000e+00
  +9.00000000000000000000e+00
  +9.00000000000000000000e+00
  +9.00000000000000000000e+00
  +9.00000000000000000000e+00
  +9.00000000000000000000e+00
  +9.00000000000000000000e+00
  +9.00000000000000000000e+00
  +9.00000000000000000000e+00
  +9.00000000000000000000e+00
  +9.00000000000000000000e+00
  +9.00000000000000000000e+00
  +9.00000000000000000000e+00
  +9.00000000000000000000e+00
  +9.00000000000000000000e+00
  +9.00000000000000000000e+00
  +9.00000000000000000000e+00
  +9.00000000000000000000e+00
  +9.00000000000000000000e+00
  +9.00000000000000000000e+00
</dep>
